                                      1       2       3       4       5       6       7       8       9      10      11      12      13      14
Raj arshi's Swag Bracket           10.4    10.8     7.5     6.1     5.2     4.2     4.2     4.0     4.2     4.6     5.3     7.2     9.7    16.6
JB's Majestic Bracket              10.9     6.9     5.2     5.2     5.1     5.6     5.7     6.0     5.9     7.2     7.3     7.8     9.8    11.5
Ellie's Exciting Bracket            1.3     3.3     4.9     6.6     8.4     9.6    10.8    11.1     9.9     9.3     8.1     7.2     5.6     3.9
My Optimal Bracket                 13.3     6.2     5.2     5.1     4.5     5.2     5.3     4.6     5.1     5.7     6.6     7.7     9.9    15.7
Gregory's Groovy Bracket            4.3     6.8     8.0     8.7     8.2     7.4     6.6     6.6     6.9     6.6     7.5     8.5     7.1     6.9
Dunk's SpaceX Bracket               7.2     5.9     6.3     6.8     6.8     6.5     5.9     7.1     7.1     7.7     8.0     8.8     9.8     6.1
David's Dazzling Bracket            3.7     6.4     6.5     7.0     7.1     7.9     8.3     8.1     8.2     7.9     7.5     7.6     6.7     7.0
Terry's Great Trump Bracket         1.1     2.5     4.3     6.0     8.3    11.0    11.6    12.4    12.2    10.7     8.7     5.9     3.4     1.8
Jake's Trueskill + MCTS             5.9     9.0     7.8     6.8     6.1     6.3     6.0     5.9     6.6     7.3     7.6     7.6     8.5     8.8
Matt's Bracket                      1.8     5.0     7.2     9.3     9.4     8.6     7.7     8.0     8.8     8.7     8.6     7.5     5.9     3.5
My Swag Bracket                     6.0     7.8     7.6     6.6     6.8     5.3     6.2     6.7     6.5     6.2     6.6     8.2     8.7    10.6
Amit's Awesome Bracket             11.1     8.3     7.4     6.3     5.7     5.0     4.8     4.6     5.4     5.1     5.9     7.0     9.5    13.8
Don's Dribbling Problem             3.3     6.1     7.9     6.9     7.6     8.1     8.0     8.1     8.0     8.8     8.0     6.9     6.0     6.2
One Ball Two Holes                  8.3     7.2     6.2     5.8     5.0     4.8     4.9     6.1     6.5     7.4     8.8     9.9     9.9     9.1
