[[2305.0,
  41.0,
  120.0,
  62.0,
  12.0,
  2084.0,
  218.0,
  222.0,
  2483.0,
  2132.0,
  43.0,
  350.0,
  2460.0,
  245.0,
  2670.0,
  201.0,
  153.0,
  2507.0,
  84.0,
  96.0,
  87.0,
  277.0,
  221.0,
  2752.0,
  258.0,
  2086.0,
  2509.0,
  314.0,
  2250.0,
  278.0,
  183.0,
  127.0],
 [2305.0,
  120.0,
  12.0,
  222.0,
  2483.0,
  43.0,
  245.0,
  201.0,
  153.0,
  96.0,
  277.0,
  2752.0,
  258.0,
  2509.0,
  2250.0,
  127.0],
 [2305.0, 222.0, 2483.0, 201.0, 153.0, 277.0, 258.0, 127.0],
 [2305.0, 201.0, 153.0, 127.0],
 [201.0, 127.0],
 [127.0]]
