                                      1       2       3       4       5       6       7       8       9      10      11      12      13      14
Matt's Bracket                      0.0     0.4     3.3     3.4     1.3     2.4    11.3    25.4    23.2     5.4    13.7    10.2     0.0     0.0
Dunk's SpaceX Bracket               0.3     0.5     0.6     1.7     2.5     2.9     4.0     6.9    10.0    16.7    19.0    16.7    17.3     0.7
Raj arshi's Swag Bracket           18.5     7.9     6.7    12.3     8.5     7.8     9.5     4.6     8.6     7.0     6.2     2.2     0.0     0.0
Ellie's Exciting Bracket            0.0     0.0     0.0     0.0     0.0     0.0     0.2     0.6     5.7    20.4    17.2    27.7    24.7     3.5
One Ball Two Holes                  0.7     7.6     8.7     9.7    16.1    18.9    14.3    11.7     9.2     2.8     0.2     0.0     0.0     0.0
David's Dazzling Bracket            5.2     4.2     2.9    10.1    22.5    29.7    20.0     4.7     0.6     0.0     0.0     0.0     0.0     0.0
Terry's Great Trump Bracket         0.0     0.3     3.3     2.9     1.6     4.4     7.1    16.1    27.1    32.3     4.9     0.0     0.0     0.0
Amit's Awesome Bracket             25.7    30.2    22.7    12.6     6.8     2.0     0.0     0.0     0.0     0.0     0.0     0.0     0.0     0.0
Jake's Trueskill + MCTS             0.0     0.0     0.0     0.2     1.4     2.4     1.6     0.2     1.7     2.2    16.5     7.9    18.6    47.4
My Swag Bracket                     5.2     7.5     7.3     9.7    12.2    15.1    25.2     6.8     5.0     3.5     2.3     0.1     0.0     0.0
Don's Dribbling Problem             8.2    15.0    23.0    21.3    14.2    10.4     4.2     3.2     0.6     0.0     0.0     0.0     0.0     0.0
My Optimal Bracket                  0.0     0.0     0.0     0.0     0.0     0.0     0.0     0.0     0.0     4.0    11.7    15.2    30.0    39.1
JB's Majestic Bracket               1.8     2.5     1.3     0.5     6.6     1.2     3.1    17.6     8.2     7.3     8.2    17.9     9.5    14.4
Gregory's Groovy Bracket           28.8    22.3    19.8    17.2     8.2     2.8     0.9     0.0     0.0     0.0     0.0     0.0     0.0     0.0
