                                      1       2       3       4       5       6       7       8       9      10      11      12      13      14
Matt's Bracket                      0.0     0.4     3.1     3.3     1.3     2.3    11.6    25.3    22.9     5.5    13.6    10.6     0.0     0.0
Dunk's SpaceX Bracket               0.4     0.5     0.5     1.7     2.7     2.5     4.1     7.2     9.8    17.3    19.3    16.2    17.0     0.9
Raj arshi's Swag Bracket           18.5     7.8     6.6    12.1     8.6     8.2     9.4     5.0     8.6     6.9     6.0     2.3     0.0     0.0
Ellie's Exciting Bracket            0.0     0.0     0.0     0.0     0.0     0.0     0.3     0.7     5.7    21.1    16.1    27.8    25.0     3.3
One Ball Two Holes                  0.5     7.9     8.9     9.9    15.2    18.9    14.4    12.0     9.4     2.6     0.2     0.0     0.0     0.0
David's Dazzling Bracket            5.5     4.1     2.8     9.8    23.0    29.6    19.3     5.0     0.7     0.0     0.0     0.0     0.0     0.0
Terry's Great Trump Bracket         0.0     0.4     3.3     2.9     1.5     4.7     7.5    16.1    26.6    32.2     4.8     0.0     0.0     0.0
Amit's Awesome Bracket             26.0    30.2    23.6    11.8     6.5     2.0     0.0     0.0     0.0     0.0     0.0     0.0     0.0     0.0
Jake's Trueskill + MCTS             0.0     0.0     0.0     0.2     1.2     2.5     1.4     0.3     1.7     2.1    16.9     7.6    18.1    47.8
My Swag Bracket                     4.5     7.3     7.1     9.6    13.2    15.7    25.1     6.1     5.0     3.4     2.6     0.1     0.0     0.0
Don's Dribbling Problem             8.1    15.3    23.1    22.0    13.8    10.1     3.9     3.1     0.7     0.0     0.0     0.0     0.0     0.0
My Optimal Bracket                  0.0     0.0     0.0     0.0     0.0     0.0     0.0     0.0     0.0     3.7    11.7    14.8    30.9    38.9
JB's Majestic Bracket               1.6     2.9     1.1     0.5     6.2     1.4     2.9    17.6     8.5     7.0     8.8    18.6     9.5    13.5
Gregory's Groovy Bracket           29.0    22.2    19.8    17.2     8.4     2.4     0.9     0.0     0.0     0.0     0.0     0.0     0.0     0.0
