                                      1       2       3       4       5       6       7       8       9      10      11      12      13      14
Matt's Bracket                      0.0     3.2     9.8    10.8     4.7     4.6    17.8    17.4    13.0     2.8     8.9     7.0     0.0     0.0
Dunk's SpaceX Bracket               0.1     0.2     0.1     1.5     2.1     2.1     2.6     7.3     9.6    11.0    16.1    15.2    31.1     1.2
Raj arshi's Swag Bracket            3.5     2.1     3.2     9.2     7.5    10.4     5.1     4.3    10.3    16.9    17.6     9.8     0.0     0.0
Ellie's Exciting Bracket            0.0     0.0     0.0     0.0     0.0     0.0     1.2     0.7    15.9    30.2    21.9    21.6     7.9     0.6
One Ball Two Holes                  1.1    10.4     9.6     9.6     8.9    12.0     9.8    16.1    12.6     8.9     0.9     0.0     0.0     0.0
David's Dazzling Bracket            1.8     2.4     2.9    11.1    21.3    23.5    22.9     9.1     4.9     0.0     0.0     0.0     0.0     0.0
Terry's Great Trump Bracket         0.0     3.3    13.9     8.2     5.7     8.0    10.7    18.1    19.7    10.6     1.9     0.0     0.0     0.0
Amit's Awesome Bracket             48.9    26.0    13.6     8.3     2.9     0.3     0.0     0.0     0.0     0.0     0.0     0.0     0.0     0.0
Jake's Trueskill + MCTS             0.0     0.0     0.0     0.2     3.4     7.6     5.5     0.9     6.4     5.8    11.5     9.7    16.4    32.6
My Swag Bracket                     1.6    13.8     7.8     9.9    12.0    16.6    13.6     8.6     5.1     5.7     4.7     0.5     0.0     0.0
Don's Dribbling Problem             6.9    12.1    16.7    11.2    20.0    11.8     8.8     7.3     5.3     0.0     0.0     0.0     0.0     0.0
My Optimal Bracket                  0.0     0.0     0.0     0.0     0.0     0.0     0.0     0.0     0.0     1.5     4.7     8.6    32.5    52.8
JB's Majestic Bracket               1.6     2.2     1.8     1.2     4.5     0.2     4.3     4.5     4.9     7.2    11.5    28.0    11.3    16.6
Gregory's Groovy Bracket           32.7    24.6    19.4    18.6     4.3     0.4     0.1     0.0     0.0     0.0     0.0     0.0     0.0     0.0
