                                      1       2       3       4       5       6       7       8       9      10      11      12      13      14
Raj arshi's Swag Bracket            2.8     5.1     3.7     3.2     6.3     3.4     2.5     2.4     3.7     4.6     5.8     8.9    13.5    34.1
JB's Majestic Bracket              13.9     4.2     2.4     2.1     3.3     2.8     3.3     4.5     5.2     8.4    10.8    11.5    14.9    12.6
Ellie's Exciting Bracket            4.1     6.7     8.4     8.1    11.3    16.8    16.9    14.7     7.7     3.0     1.4     0.6     0.2     0.1
My Optimal Bracket                  1.9     0.8     0.9     1.3     1.6     3.8     3.8     4.0     5.1     6.7     9.5    14.4    20.6    25.5
Gregory's Groovy Bracket            9.1     9.3     8.3    15.0    12.3     9.4     6.0     6.1     5.2     5.5     5.8     4.4     2.8     0.9
Dunk's SpaceX Bracket               8.8     4.4     4.6     6.2     6.8     5.2     4.2     4.7     5.7     9.1    12.1    14.2    10.9     2.9
David's Dazzling Bracket            4.6     5.6     4.4     5.5     9.0    10.1    12.4    12.7    14.4     7.8     5.8     4.6     2.3     1.0
Terry's Great Trump Bracket        16.5    13.2    10.3    10.1    13.1    12.2    10.1     6.1     4.5     2.6     1.0     0.2     0.0     0.0
Jake's Trueskill + MCTS             3.6     5.1     6.8     9.6     4.9     6.7     6.2     7.0     8.3     8.1     8.2     9.5    10.0     6.2
Matt's Bracket                     10.1    14.3    10.5    14.1    11.5     6.4     6.8     6.5     5.7     5.6     4.8     2.6     0.9     0.2
My Swag Bracket                     5.4     9.9    10.2     3.8     5.6     6.1     7.9     9.3     9.7     8.6     6.7     6.2     5.5     5.1
Amit's Awesome Bracket              3.3     6.3    13.1     4.0     5.2     5.4     7.4     6.5     8.1     6.6     5.3     6.3     8.6    13.8
Don's Dribbling Problem             2.9     6.2     7.4     6.4     5.4     4.3     6.0     9.5    10.7    17.7    13.8     6.6     2.4     0.7
One Ball Two Holes                  7.7     5.7     8.5     7.5     3.5     3.8     4.6     6.4     6.6     7.9     9.0    11.6    10.9     6.2
