                                      1       2       3       4       5       6       7       8       9      10      11      12      13      14
Raj arshi's Swag Bracket            9.3     9.0     7.2     6.0     6.4     5.2     4.7     4.9     5.0     5.6     7.0    10.2     9.3    10.2
JB's Majestic Bracket               8.5     5.2     3.9     3.4     3.2     3.6     4.3     4.5     5.2     6.3    10.5    11.8    14.5    15.0
Ellie's Exciting Bracket            1.1     2.9     5.1     6.3     8.7    10.3    12.3    12.7    13.5    11.2     7.7     5.1     2.6     0.5
My Optimal Bracket                  1.3     0.7     0.5     1.1     1.3     2.0     2.2     2.7     3.4     4.4     7.0    10.2    18.4    45.0
Gregory's Groovy Bracket           17.8    13.5    13.4    15.0     9.9     8.4     6.1     4.3     3.2     2.7     2.5     1.7     1.2     0.5
Dunk's SpaceX Bracket               3.2     3.9     4.2     5.5     6.2     5.3     5.3     5.5     6.3     7.7    11.4    14.5    15.8     5.2
David's Dazzling Bracket            4.4     5.4     6.5     7.9    10.1    10.6    10.2    10.3    10.0     9.3     7.0     4.8     2.5     1.0
Terry's Great Trump Bracket         4.7     9.0     6.2     5.2     7.5     9.8    11.6    12.5    11.6     9.6     7.0     3.6     1.5     0.2
Jake's Trueskill + MCTS             3.7     4.6     5.9     7.6     6.6     7.3     6.3     6.8     6.7     7.8     8.7     9.5     9.8     8.8
Matt's Bracket                      4.2     8.8     9.5    10.6    10.2     9.0     8.7     8.0     7.7     7.7     6.4     5.5     2.7     0.9
My Swag Bracket                     3.1     4.8     7.1     5.8     4.3     5.1     6.3     6.7     8.2     9.2     9.1    10.9    11.9     7.6
Amit's Awesome Bracket             17.3    10.5    10.2     7.2     7.1     6.0     5.6     5.6     5.3     5.3     4.7     5.2     4.7     5.3
Don's Dribbling Problem            10.3    12.0    10.2     9.0     9.5     9.0     8.5     7.6     7.4     7.1     4.9     2.9     1.2     0.2
One Ball Two Holes                  7.4     7.8     8.3     8.1     6.9     7.1     7.4     7.2     7.5     7.3     6.9     7.1     6.9     4.0
